
train:2020-08-11 08:41:11 model_0
clip_auc: 0.1964285714285714
clip_eer: 0.5982142857142857  clip_thresholds:0.321091406779798  clip_frr_10:1.0
video_auc: 0.1964285714285714
video_eer: 0.5982142857142857  video_thresholds:0.321091406779798  video_frr_10:1.0
real_clip_group_list:0.14 0.0 0.29 0.14 0.0 0.0 0.0 0.0 0.14 0.0 0.0 0.29 0.0 0.0 0.0 0.0 0.0 0.0 0.0 0.0
fake_clip_group_list:0.0 0.0 0.0 0.12 0.0 0.0 0.25 0.0 0.0 0.0 0.12 0.0 0.0 0.12 0.25 0.0 0.0 0.0 0.0 0.12
real_video_group_list:0.14 0.0 0.29 0.14 0.0 0.0 0.0 0.0 0.14 0.0 0.0 0.29 0.0 0.0 0.0 0.0 0.0 0.0 0.0 0.0
fake_video_group_list:0.0 0.0 0.0 0.12 0.0 0.0 0.25 0.0 0.0 0.0 0.12 0.0 0.0 0.12 0.25 0.0 0.0 0.0 0.0 0.12
sample_clip_thresholds_list:0.025 0.075 0.125 0.175 0.225 0.275 0.325 0.375 0.425 0.475 0.525 0.575 0.625 0.675 0.725 0.775 0.825 0.875 0.925 0.975
sample_clip_far_list :1.0 1.0 1.0 1.0 0.875 0.75 0.625 0.625 0.625 0.625 0.5 0.5 0.375 0.375 0.25 0.125 0.125 0.0 0.0 0.0
sample_video_thresholds_list :0.025 0.075 0.125 0.175 0.225 0.275 0.325 0.375 0.425 0.475 0.525 0.575 0.625 0.675 0.725 0.775 0.825 0.875 0.925 0.975
sample_video_far_list :1.0 1.0 1.0 1.0 0.875 0.75 0.625 0.625 0.625 0.625 0.5 0.5 0.375 0.375 0.25 0.125 0.125 0.0 0.0 0.0

train:2020-08-11 08:44:31 model_0
clip_auc: 0.33999999999999997
clip_eer: 0.55  clip_thresholds:0.5480233386099597  clip_frr_10:0.9
video_auc: 0.33999999999999997
video_eer: 0.55  video_thresholds:0.5480233386099597  video_frr_10:0.9
real_clip_group_list:0.2 0.0 0.0 0.1 0.0 0.1 0.1 0.0 0.0 0.0 0.0 0.0 0.2 0.1 0.0 0.0 0.1 0.0 0.0 0.1
fake_clip_group_list:0.0 0.0 0.0 0.0 0.0 0.0 0.0 0.0 0.2 0.0 0.2 0.0 0.2 0.0 0.0 0.0 0.4 0.0 0.0 0.0
real_video_group_list:0.2 0.0 0.0 0.1 0.0 0.1 0.1 0.0 0.0 0.0 0.0 0.0 0.2 0.1 0.0 0.0 0.1 0.0 0.0 0.1
fake_video_group_list:0.0 0.0 0.0 0.0 0.0 0.0 0.0 0.0 0.2 0.0 0.2 0.0 0.2 0.0 0.0 0.0 0.4 0.0 0.0 0.0
sample_clip_thresholds_list:0.025 0.075 0.125 0.175 0.225 0.275 0.325 0.375 0.425 0.475 0.525 0.575 0.625 0.675 0.725 0.775 0.825 0.875 0.925 0.975
sample_clip_far_list :1.0 1.0 1.0 1.0 1.0 1.0 1.0 0.8 0.8 0.8 0.6 0.6 0.4 0.4 0.4 0.4 0.2 0.0 0.0 0.0
sample_video_thresholds_list :0.025 0.075 0.125 0.175 0.225 0.275 0.325 0.375 0.425 0.475 0.525 0.575 0.625 0.675 0.725 0.775 0.825 0.875 0.925 0.975
sample_video_far_list :1.0 1.0 1.0 1.0 1.0 1.0 1.0 0.8 0.8 0.8 0.6 0.6 0.4 0.4 0.4 0.4 0.2 0.0 0.0 0.0

test:2020-08-11 08:44:35 model_0
clip_auc: 0.4125
clip_eer: 0.6125  clip_thresholds:0.40936785150534966  clip_frr_10:1.0
video_auc: 0.3571428571428571
video_eer: 0.5982142857142857  video_thresholds:0.5313161859630811  video_frr_10:0.86
real_clip_group_list:0.0 0.12 0.0 0.0 0.12 0.12 0.0 0.12 0.12 0.12 0.12 0.0 0.0 0.12 0.0 0.0 0.0 0.0 0.0 0.0
fake_clip_group_list:0.1 0.0 0.1 0.0 0.1 0.0 0.0 0.1 0.1 0.1 0.1 0.0 0.1 0.0 0.0 0.0 0.0 0.0 0.0 0.2
real_video_group_list:0.0 0.0 0.14 0.0 0.0 0.0 0.0 0.0 0.14 0.14 0.14 0.14 0.14 0.0 0.0 0.0 0.0 0.14 0.0 0.0
fake_video_group_list:0.12 0.0 0.0 0.12 0.0 0.0 0.0 0.0 0.0 0.0 0.12 0.0 0.12 0.0 0.12 0.0 0.12 0.12 0.0 0.12
sample_clip_thresholds_list:0.025 0.075 0.125 0.175 0.225 0.275 0.325 0.375 0.425 0.475 0.525 0.575 0.625 0.675 0.725 0.775 0.825 0.875 0.925 0.975
sample_clip_far_list :0.9 0.9 0.8 0.8 0.7 0.7 0.7 0.7 0.5 0.4 0.3 0.3 0.2 0.2 0.2 0.2 0.1 0.1 0.1 0.1
sample_video_thresholds_list :0.025 0.075 0.125 0.175 0.225 0.275 0.325 0.375 0.425 0.475 0.525 0.575 0.625 0.675 0.725 0.775 0.825 0.875 0.925 0.975
sample_video_far_list :0.875 0.875 0.875 0.75 0.75 0.75 0.75 0.75 0.75 0.75 0.625 0.625 0.5 0.375 0.375 0.375 0.25 0.125 0.125 0.0

train:2020-08-11 08:44:44 model_1
clip_auc: 0.3214285714285714
clip_eer: 0.5982142857142857  clip_thresholds:0.3343125279392495  clip_frr_10:1.0
video_auc: 0.3214285714285714
video_eer: 0.5982142857142857  video_thresholds:0.3343125279392495  video_frr_10:1.0
real_clip_group_list:0.14 0.14 0.0 0.0 0.14 0.0 0.14 0.29 0.0 0.0 0.0 0.0 0.0 0.0 0.0 0.14 0.0 0.0 0.0 0.0
fake_clip_group_list:0.12 0.0 0.12 0.0 0.0 0.0 0.12 0.0 0.0 0.12 0.0 0.25 0.0 0.0 0.0 0.0 0.0 0.0 0.0 0.25
real_video_group_list:0.14 0.14 0.0 0.0 0.14 0.0 0.14 0.29 0.0 0.0 0.0 0.0 0.0 0.0 0.0 0.14 0.0 0.0 0.0 0.0
fake_video_group_list:0.12 0.0 0.12 0.0 0.0 0.0 0.12 0.0 0.0 0.12 0.0 0.25 0.0 0.0 0.0 0.0 0.0 0.0 0.0 0.25
sample_clip_thresholds_list:0.025 0.075 0.125 0.175 0.225 0.275 0.325 0.375 0.425 0.475 0.525 0.575 0.625 0.675 0.725 0.775 0.825 0.875 0.925 0.975
sample_clip_far_list :0.875 0.875 0.75 0.75 0.75 0.75 0.75 0.625 0.5 0.5 0.375 0.375 0.25 0.25 0.25 0.25 0.25 0.125 0.125 0.125
sample_video_thresholds_list :0.025 0.075 0.125 0.175 0.225 0.275 0.325 0.375 0.425 0.475 0.525 0.575 0.625 0.675 0.725 0.775 0.825 0.875 0.925 0.975
sample_video_far_list :0.875 0.875 0.75 0.75 0.75 0.75 0.75 0.625 0.5 0.5 0.375 0.375 0.25 0.25 0.25 0.25 0.25 0.125 0.125 0.125

test:2020-08-11 08:44:49 model_1
clip_auc: 0.5249999999999999
clip_eer: 0.3875  clip_thresholds:0.4125836122045282  clip_frr_10:0.7
video_auc: 0.5079365079365079
video_eer: 0.4365079365079365  video_thresholds:0.4125836122045282  video_frr_10:0.67
real_clip_group_list:0.0 0.0 0.1 0.1 0.1 0.0 0.1 0.0 0.2 0.0 0.0 0.1 0.0 0.0 0.1 0.1 0.0 0.1 0.0 0.0
fake_clip_group_list:0.12 0.0 0.0 0.0 0.12 0.0 0.0 0.25 0.12 0.0 0.12 0.0 0.12 0.0 0.0 0.0 0.0 0.0 0.0 0.12
real_video_group_list:0.0 0.0 0.11 0.11 0.11 0.0 0.11 0.0 0.11 0.0 0.0 0.11 0.0 0.11 0.11 0.11 0.0 0.0 0.0 0.0
fake_video_group_list:0.14 0.0 0.0 0.0 0.14 0.0 0.0 0.14 0.14 0.0 0.14 0.0 0.14 0.0 0.0 0.0 0.0 0.0 0.0 0.14
sample_clip_thresholds_list:0.025 0.075 0.125 0.175 0.225 0.275 0.325 0.375 0.425 0.475 0.525 0.575 0.625 0.675 0.725 0.775 0.825 0.875 0.925 0.975
sample_clip_far_list :0.875 0.875 0.875 0.875 0.75 0.75 0.75 0.5 0.375 0.375 0.25 0.25 0.125 0.125 0.125 0.125 0.125 0.125 0.125 0.0
sample_video_thresholds_list :0.025 0.075 0.125 0.175 0.225 0.275 0.325 0.375 0.425 0.475 0.525 0.575 0.625 0.675 0.725 0.775 0.825 0.875 0.925 0.975
sample_video_far_list :0.8571 0.8571 0.8571 0.8571 0.7143 0.7143 0.7143 0.5714 0.4286 0.4286 0.2857 0.2857 0.1429 0.1429 0.1429 0.1429 0.1429 0.1429 0.0 0.0

train:2020-08-11 08:45:03 model_2
clip_auc: 0.4772727272727273
clip_eer: 0.5227272727272727  clip_thresholds:0.17482553664994355  clip_frr_10:1.0
video_auc: 0.475
video_eer: 0.5  video_thresholds:0.17482553664994355  video_frr_10:1.0
real_clip_group_list:0.25 0.0 0.0 0.25 0.0 0.0 0.0 0.0 0.0 0.0 0.0 0.0 0.0 0.0 0.25 0.25 0.0 0.0 0.0 0.0
fake_clip_group_list:0.09 0.09 0.27 0.0 0.0 0.09 0.0 0.0 0.0 0.0 0.0 0.09 0.0 0.0 0.09 0.0 0.0 0.09 0.09 0.09
real_video_group_list:0.25 0.0 0.0 0.25 0.0 0.0 0.0 0.0 0.0 0.0 0.0 0.0 0.0 0.0 0.25 0.25 0.0 0.0 0.0 0.0
fake_video_group_list:0.1 0.1 0.3 0.0 0.0 0.1 0.0 0.0 0.0 0.0 0.0 0.1 0.0 0.0 0.0 0.0 0.1 0.0 0.1 0.1
sample_clip_thresholds_list:0.025 0.075 0.125 0.175 0.225 0.275 0.325 0.375 0.425 0.475 0.525 0.575 0.625 0.675 0.725 0.775 0.825 0.875 0.925 0.975
sample_clip_far_list :0.9091 0.8182 0.5455 0.5455 0.5455 0.4545 0.4545 0.4545 0.4545 0.3636 0.3636 0.3636 0.3636 0.2727 0.2727 0.2727 0.2727 0.1818 0.0909 0.0
sample_video_thresholds_list :0.025 0.075 0.125 0.175 0.225 0.275 0.325 0.375 0.425 0.475 0.525 0.575 0.625 0.675 0.725 0.775 0.825 0.875 0.925 0.975
sample_video_far_list :0.9 0.8 0.5 0.5 0.5 0.4 0.4 0.4 0.4 0.3 0.3 0.3 0.3 0.3 0.3 0.3 0.2 0.1 0.1 0.0

test:2020-08-11 08:45:07 model_2
clip_auc: 0.55
clip_eer: 0.5  clip_thresholds:0.24934910876759678  clip_frr_10:0.9
video_auc: 0.5833333333333333
video_eer: 0.4722222222222222  video_thresholds:0.19978759185509326  video_frr_10:0.89
real_clip_group_list:0.1 0.0 0.1 0.2 0.1 0.1 0.1 0.0 0.0 0.0 0.0 0.1 0.1 0.0 0.0 0.1 0.0 0.0 0.0 0.0
fake_clip_group_list:0.25 0.0 0.25 0.0 0.0 0.12 0.12 0.0 0.0 0.0 0.0 0.0 0.12 0.0 0.0 0.0 0.0 0.0 0.0 0.12
real_video_group_list:0.11 0.0 0.0 0.33 0.0 0.11 0.11 0.0 0.0 0.0 0.0 0.11 0.11 0.0 0.0 0.11 0.0 0.0 0.0 0.0
fake_video_group_list:0.25 0.0 0.25 0.0 0.0 0.12 0.12 0.0 0.0 0.0 0.0 0.0 0.12 0.0 0.0 0.0 0.0 0.0 0.0 0.12
sample_clip_thresholds_list:0.025 0.075 0.125 0.175 0.225 0.275 0.325 0.375 0.425 0.475 0.525 0.575 0.625 0.675 0.725 0.775 0.825 0.875 0.925 0.975
sample_clip_far_list :0.875 0.75 0.5 0.5 0.5 0.375 0.375 0.25 0.25 0.25 0.25 0.25 0.25 0.125 0.125 0.125 0.125 0.125 0.0 0.0
sample_video_thresholds_list :0.025 0.075 0.125 0.175 0.225 0.275 0.325 0.375 0.425 0.475 0.525 0.575 0.625 0.675 0.725 0.775 0.825 0.875 0.925 0.975
sample_video_far_list :0.875 0.625 0.5 0.5 0.5 0.375 0.375 0.25 0.25 0.25 0.25 0.25 0.25 0.125 0.125 0.125 0.125 0.125 0.0 0.0

train:2020-08-11 08:45:20 model_3
clip_auc: 0.5
clip_eer: 0.4017857142857143  clip_thresholds:0.4623972788638574  clip_frr_10:0.88
video_auc: 0.5
video_eer: 0.4017857142857143  video_thresholds:0.4623972788638574  video_frr_10:0.88
real_clip_group_list:0.12 0.0 0.0 0.12 0.0 0.0 0.0 0.0 0.0 0.25 0.0 0.0 0.0 0.25 0.12 0.0 0.0 0.0 0.0 0.12
fake_clip_group_list:0.0 0.14 0.0 0.0 0.0 0.14 0.0 0.14 0.0 0.14 0.0 0.0 0.0 0.14 0.0 0.0 0.29 0.0 0.0 0.0
real_video_group_list:0.12 0.0 0.0 0.12 0.0 0.0 0.0 0.0 0.0 0.25 0.0 0.0 0.0 0.25 0.12 0.0 0.0 0.0 0.0 0.12
fake_video_group_list:0.0 0.14 0.0 0.0 0.0 0.14 0.0 0.14 0.0 0.14 0.0 0.0 0.0 0.14 0.0 0.0 0.29 0.0 0.0 0.0
sample_clip_thresholds_list:0.025 0.075 0.125 0.175 0.225 0.275 0.325 0.375 0.425 0.475 0.525 0.575 0.625 0.675 0.725 0.775 0.825 0.875 0.925 0.975
sample_clip_far_list :1.0 0.8571 0.8571 0.8571 0.7143 0.7143 0.5714 0.5714 0.5714 0.4286 0.4286 0.4286 0.4286 0.2857 0.2857 0.2857 0.1429 0.0 0.0 0.0
sample_video_thresholds_list :0.025 0.075 0.125 0.175 0.225 0.275 0.325 0.375 0.425 0.475 0.525 0.575 0.625 0.675 0.725 0.775 0.825 0.875 0.925 0.975
sample_video_far_list :1.0 0.8571 0.8571 0.8571 0.7143 0.7143 0.5714 0.5714 0.5714 0.4286 0.4286 0.4286 0.4286 0.2857 0.2857 0.2857 0.1429 0.0 0.0 0.0

test:2020-08-11 08:45:24 model_3
clip_auc: 0.2222222222222222
clip_eer: 0.6666666666666666  clip_thresholds:0.7735111225924821  clip_frr_10:0.89
video_auc: 0.1388888888888889
video_eer: 0.7638888888888888  video_thresholds:0.790193765549733  video_frr_10:1.0
real_clip_group_list:0.11 0.0 0.11 0.0 0.22 0.0 0.0 0.0 0.0 0.0 0.11 0.0 0.0 0.0 0.0 0.22 0.11 0.0 0.0 0.11
fake_clip_group_list:0.0 0.0 0.0 0.0 0.0 0.0 0.0 0.0 0.11 0.0 0.0 0.0 0.0 0.0 0.0 0.22 0.22 0.22 0.11 0.11
real_video_group_list:0.12 0.0 0.12 0.0 0.12 0.0 0.0 0.0 0.0 0.0 0.12 0.0 0.0 0.0 0.12 0.12 0.12 0.12 0.0 0.0
fake_video_group_list:0.0 0.0 0.0 0.0 0.0 0.0 0.0 0.0 0.11 0.0 0.0 0.0 0.0 0.0 0.0 0.22 0.0 0.44 0.11 0.11
sample_clip_thresholds_list:0.025 0.075 0.125 0.175 0.225 0.275 0.325 0.375 0.425 0.475 0.525 0.575 0.625 0.675 0.725 0.775 0.825 0.875 0.925 0.975
sample_clip_far_list :1.0 1.0 1.0 1.0 1.0 1.0 0.8889 0.8889 0.8889 0.8889 0.8889 0.8889 0.8889 0.8889 0.8889 0.6667 0.5556 0.2222 0.1111 0.0
sample_video_thresholds_list :0.025 0.075 0.125 0.175 0.225 0.275 0.325 0.375 0.425 0.475 0.525 0.575 0.625 0.675 0.725 0.775 0.825 0.875 0.925 0.975
sample_video_far_list :1.0 1.0 1.0 1.0 1.0 1.0 0.8889 0.8889 0.8889 0.8889 0.8889 0.8889 0.8889 0.8889 0.8889 0.8889 0.6667 0.4444 0.1111 0.0

train:2020-08-11 08:47:48 model_0
clip_auc: 0.25999999999999995
clip_eer: 0.6499999999999999  clip_thresholds:0.5079491448002651  clip_frr_10:0.9
video_auc: 0.25999999999999995
video_eer: 0.6499999999999999  video_thresholds:0.5079491448002651  video_frr_10:0.9
real_clip_group_list:0.1 0.1 0.0 0.0 0.0 0.1 0.1 0.0 0.0 0.2 0.1 0.1 0.0 0.0 0.0 0.0 0.1 0.0 0.1 0.0
fake_clip_group_list:0.0 0.0 0.0 0.0 0.0 0.0 0.0 0.0 0.0 0.2 0.2 0.2 0.0 0.0 0.0 0.0 0.0 0.0 0.2 0.2
real_video_group_list:0.1 0.1 0.0 0.0 0.0 0.1 0.1 0.0 0.0 0.2 0.1 0.1 0.0 0.0 0.0 0.0 0.1 0.0 0.1 0.0
fake_video_group_list:0.0 0.0 0.0 0.0 0.0 0.0 0.0 0.0 0.0 0.2 0.2 0.2 0.0 0.0 0.0 0.0 0.0 0.0 0.2 0.2
sample_clip_thresholds_list:0.025 0.075 0.125 0.175 0.225 0.275 0.325 0.375 0.425 0.475 0.525 0.575 0.625 0.675 0.725 0.775 0.825 0.875 0.925 0.975
sample_clip_far_list :1.0 1.0 1.0 1.0 1.0 1.0 1.0 1.0 0.8 0.8 0.6 0.4 0.4 0.4 0.4 0.4 0.4 0.2 0.2 0.0
sample_video_thresholds_list :0.025 0.075 0.125 0.175 0.225 0.275 0.325 0.375 0.425 0.475 0.525 0.575 0.625 0.675 0.725 0.775 0.825 0.875 0.925 0.975
sample_video_far_list :1.0 1.0 1.0 1.0 1.0 1.0 1.0 1.0 0.8 0.8 0.6 0.4 0.4 0.4 0.4 0.4 0.4 0.2 0.2 0.0

test:2020-08-11 08:47:53 model_0
clip_auc: 0.4305555555555556
clip_eer: 0.5  clip_thresholds:0.4643289076518576  clip_frr_10:1.0
video_auc: 0.43999999999999995
video_eer: 0.4  video_thresholds:0.47169279492118876  video_frr_10:1.0
real_clip_group_list:0.17 0.0 0.0 0.0 0.17 0.0 0.0 0.0 0.0 0.5 0.0 0.0 0.0 0.0 0.0 0.0 0.17 0.0 0.0 0.0
fake_clip_group_list:0.08 0.0 0.0 0.08 0.08 0.0 0.08 0.0 0.17 0.0 0.0 0.08 0.0 0.08 0.17 0.0 0.08 0.0 0.0 0.08
real_video_group_list:0.2 0.0 0.0 0.0 0.2 0.0 0.0 0.0 0.0 0.4 0.0 0.0 0.0 0.0 0.0 0.0 0.2 0.0 0.0 0.0
fake_video_group_list:0.1 0.0 0.0 0.1 0.0 0.0 0.1 0.0 0.2 0.1 0.0 0.0 0.1 0.0 0.1 0.0 0.1 0.0 0.0 0.1
sample_clip_thresholds_list:0.025 0.075 0.125 0.175 0.225 0.275 0.325 0.375 0.425 0.475 0.525 0.575 0.625 0.675 0.725 0.775 0.825 0.875 0.925 0.975
sample_clip_far_list :0.9167 0.9167 0.8333 0.8333 0.75 0.75 0.6667 0.6667 0.5 0.5 0.5 0.4167 0.4167 0.3333 0.1667 0.1667 0.0833 0.0833 0.0 0.0
sample_video_thresholds_list :0.025 0.075 0.125 0.175 0.225 0.275 0.325 0.375 0.425 0.475 0.525 0.575 0.625 0.675 0.725 0.775 0.825 0.875 0.925 0.975
sample_video_far_list :0.9 0.9 0.8 0.8 0.8 0.8 0.7 0.7 0.5 0.4 0.4 0.3 0.3 0.3 0.2 0.2 0.1 0.1 0.0 0.0

train:2020-08-11 08:48:08 model_1
clip_auc: 0.56
clip_eer: 0.4  clip_thresholds:0.5918986238141313  clip_frr_10:0.4
video_auc: 0.56
video_eer: 0.4  video_thresholds:0.5918986238141313  video_frr_10:0.4
real_clip_group_list:0.2 0.0 0.0 0.0 0.0 0.0 0.0 0.1 0.0 0.0 0.1 0.0 0.3 0.2 0.0 0.0 0.0 0.0 0.0 0.1
fake_clip_group_list:0.0 0.0 0.0 0.0 0.2 0.0 0.0 0.0 0.0 0.0 0.2 0.4 0.0 0.0 0.0 0.0 0.0 0.2 0.0 0.0
real_video_group_list:0.2 0.0 0.0 0.0 0.0 0.0 0.0 0.1 0.0 0.0 0.1 0.0 0.3 0.2 0.0 0.0 0.0 0.0 0.0 0.1
fake_video_group_list:0.0 0.0 0.0 0.0 0.2 0.0 0.0 0.0 0.0 0.0 0.2 0.4 0.0 0.0 0.0 0.0 0.0 0.2 0.0 0.0
sample_clip_thresholds_list:0.025 0.075 0.125 0.175 0.225 0.275 0.325 0.375 0.425 0.475 0.525 0.575 0.625 0.675 0.725 0.775 0.825 0.875 0.925 0.975
sample_clip_far_list :1.0 1.0 0.8 0.8 0.8 0.8 0.8 0.8 0.8 0.6 0.6 0.4 0.2 0.2 0.2 0.2 0.0 0.0 0.0 0.0
sample_video_thresholds_list :0.025 0.075 0.125 0.175 0.225 0.275 0.325 0.375 0.425 0.475 0.525 0.575 0.625 0.675 0.725 0.775 0.825 0.875 0.925 0.975
sample_video_far_list :1.0 1.0 0.8 0.8 0.8 0.8 0.8 0.8 0.8 0.6 0.6 0.4 0.2 0.2 0.2 0.2 0.0 0.0 0.0 0.0

test:2020-08-11 08:48:14 model_1
clip_auc: 0.5499999999999999
clip_eer: 0.5  clip_thresholds:0.43358752234075865  clip_frr_10:0.75
video_auc: 0.5142857142857142
video_eer: 0.41428571428571426  video_thresholds:0.4502606576085926  video_frr_10:0.86
real_clip_group_list:0.12 0.0 0.12 0.0 0.0 0.0 0.0 0.0 0.25 0.12 0.0 0.0 0.0 0.0 0.12 0.0 0.0 0.0 0.0 0.25
fake_clip_group_list:0.0 0.0 0.0 0.0 0.1 0.2 0.0 0.1 0.1 0.2 0.0 0.0 0.0 0.0 0.0 0.0 0.0 0.1 0.1 0.1
real_video_group_list:0.14 0.0 0.14 0.0 0.0 0.0 0.0 0.0 0.14 0.14 0.0 0.0 0.0 0.0 0.29 0.0 0.0 0.0 0.0 0.14
fake_video_group_list:0.0 0.0 0.0 0.0 0.1 0.2 0.0 0.1 0.1 0.2 0.0 0.0 0.0 0.0 0.0 0.0 0.0 0.1 0.1 0.1
sample_clip_thresholds_list:0.025 0.075 0.125 0.175 0.225 0.275 0.325 0.375 0.425 0.475 0.525 0.575 0.625 0.675 0.725 0.775 0.825 0.875 0.925 0.975
sample_clip_far_list :1.0 1.0 1.0 0.9 0.9 0.8 0.7 0.6 0.5 0.3 0.3 0.3 0.3 0.3 0.3 0.3 0.2 0.2 0.1 0.0
sample_video_thresholds_list :0.025 0.075 0.125 0.175 0.225 0.275 0.325 0.375 0.425 0.475 0.525 0.575 0.625 0.675 0.725 0.775 0.825 0.875 0.925 0.975
sample_video_far_list :1.0 1.0 1.0 0.9 0.9 0.8 0.7 0.6 0.5 0.3 0.3 0.3 0.3 0.3 0.3 0.3 0.2 0.2 0.1 0.0

train:2020-08-11 09:19:05 model_0
clip_auc: 0.12962962962962965
clip_eer: 0.6666666666666666  clip_thresholds:0.5577928063994528  clip_frr_10:1.0
video_auc: 0.12962962962962965
video_eer: 0.6666666666666666  video_thresholds:0.5577928063994528  video_frr_10:1.0
real_clip_group_list:0.11 0.0 0.11 0.0 0.11 0.0 0.0 0.11 0.11 0.11 0.0 0.0 0.22 0.0 0.0 0.0 0.11 0.0 0.0 0.0
fake_clip_group_list:0.0 0.0 0.0 0.0 0.0 0.0 0.0 0.0 0.17 0.0 0.0 0.17 0.0 0.0 0.0 0.0 0.17 0.17 0.17 0.17
real_video_group_list:0.11 0.0 0.11 0.0 0.11 0.0 0.0 0.11 0.11 0.11 0.0 0.0 0.22 0.0 0.0 0.0 0.11 0.0 0.0 0.0
fake_video_group_list:0.0 0.0 0.0 0.0 0.0 0.0 0.0 0.0 0.17 0.0 0.0 0.17 0.0 0.0 0.0 0.0 0.17 0.17 0.17 0.17
sample_clip_thresholds_list:0.025 0.075 0.125 0.175 0.225 0.275 0.325 0.375 0.425 0.475 0.525 0.575 0.625 0.675 0.725 0.775 0.825 0.875 0.925 0.975
sample_clip_far_list :1.0 1.0 1.0 1.0 1.0 1.0 1.0 1.0 1.0 0.8333 0.6667 0.6667 0.6667 0.6667 0.6667 0.6667 0.6667 0.3333 0.1667 0.0
sample_video_thresholds_list :0.025 0.075 0.125 0.175 0.225 0.275 0.325 0.375 0.425 0.475 0.525 0.575 0.625 0.675 0.725 0.775 0.825 0.875 0.925 0.975
sample_video_far_list :1.0 1.0 1.0 1.0 1.0 1.0 1.0 1.0 1.0 0.8333 0.6667 0.6667 0.6667 0.6667 0.6667 0.6667 0.6667 0.3333 0.1667 0.0

test:2020-08-11 09:19:09 model_0
clip_auc: 0.5555555555555556
clip_eer: 0.5555555555555556  clip_thresholds:0.33117689745213275  clip_frr_10:0.67
video_auc: 0.5555555555555556
video_eer: 0.5555555555555556  video_thresholds:0.33117689745213275  video_frr_10:0.67
real_clip_group_list:0.0 0.22 0.0 0.0 0.0 0.22 0.11 0.0 0.11 0.0 0.0 0.0 0.0 0.0 0.11 0.0 0.11 0.0 0.0 0.11
fake_clip_group_list:0.11 0.11 0.0 0.11 0.0 0.0 0.11 0.0 0.0 0.11 0.11 0.11 0.11 0.11 0.0 0.0 0.0 0.0 0.0 0.0
real_video_group_list:0.0 0.22 0.0 0.0 0.0 0.22 0.11 0.0 0.11 0.0 0.0 0.0 0.0 0.0 0.11 0.0 0.11 0.0 0.0 0.11
fake_video_group_list:0.11 0.11 0.0 0.11 0.0 0.0 0.11 0.0 0.0 0.11 0.11 0.11 0.11 0.11 0.0 0.0 0.0 0.0 0.0 0.0
sample_clip_thresholds_list:0.025 0.075 0.125 0.175 0.225 0.275 0.325 0.375 0.425 0.475 0.525 0.575 0.625 0.675 0.725 0.775 0.825 0.875 0.925 0.975
sample_clip_far_list :0.8889 0.7778 0.7778 0.6667 0.6667 0.6667 0.5556 0.5556 0.5556 0.4444 0.3333 0.2222 0.1111 0.0 0.0 0.0 0.0 0.0 0.0 0.0
sample_video_thresholds_list :0.025 0.075 0.125 0.175 0.225 0.275 0.325 0.375 0.425 0.475 0.525 0.575 0.625 0.675 0.725 0.775 0.825 0.875 0.925 0.975
sample_video_far_list :0.8889 0.7778 0.7778 0.6667 0.6667 0.6667 0.5556 0.5556 0.5556 0.4444 0.3333 0.2222 0.1111 0.0 0.0 0.0 0.0 0.0 0.0 0.0

train:2020-08-11 09:19:19 model_1
clip_auc: 0.32142857142857145
clip_eer: 0.7321428571428572  clip_thresholds:0.32488148843910525  clip_frr_10:0.75
video_auc: 0.32142857142857145
video_eer: 0.7321428571428572  video_thresholds:0.32488148843910525  video_frr_10:0.75
real_clip_group_list:0.25 0.12 0.25 0.0 0.0 0.0 0.12 0.0 0.0 0.0 0.0 0.0 0.0 0.0 0.12 0.0 0.0 0.0 0.0 0.12
fake_clip_group_list:0.14 0.0 0.0 0.0 0.0 0.14 0.0 0.0 0.0 0.29 0.0 0.14 0.14 0.0 0.0 0.0 0.0 0.0 0.0 0.14
real_video_group_list:0.25 0.12 0.25 0.0 0.0 0.0 0.12 0.0 0.0 0.0 0.0 0.0 0.0 0.0 0.12 0.0 0.0 0.0 0.0 0.12
fake_video_group_list:0.14 0.0 0.0 0.0 0.0 0.14 0.0 0.0 0.0 0.29 0.0 0.14 0.14 0.0 0.0 0.0 0.0 0.0 0.0 0.14
sample_clip_thresholds_list:0.025 0.075 0.125 0.175 0.225 0.275 0.325 0.375 0.425 0.475 0.525 0.575 0.625 0.675 0.725 0.775 0.825 0.875 0.925 0.975
sample_clip_far_list :0.8571 0.8571 0.8571 0.8571 0.7143 0.7143 0.7143 0.7143 0.5714 0.4286 0.2857 0.2857 0.1429 0.1429 0.1429 0.1429 0.1429 0.1429 0.1429 0.1429
sample_video_thresholds_list :0.025 0.075 0.125 0.175 0.225 0.275 0.325 0.375 0.425 0.475 0.525 0.575 0.625 0.675 0.725 0.775 0.825 0.875 0.925 0.975
sample_video_far_list :0.8571 0.8571 0.8571 0.8571 0.7143 0.7143 0.7143 0.7143 0.5714 0.4286 0.2857 0.2857 0.1429 0.1429 0.1429 0.1429 0.1429 0.1429 0.1429 0.1429

test:2020-08-11 09:19:23 model_1
clip_auc: 0.5249999999999999
clip_eer: 0.5  clip_thresholds:0.5031161049634385  clip_frr_10:0.88
video_auc: 0.5249999999999999
video_eer: 0.5  video_thresholds:0.5031161049634385  video_frr_10:0.88
real_clip_group_list:0.0 0.12 0.0 0.0 0.12 0.0 0.0 0.0 0.12 0.12 0.0 0.25 0.0 0.0 0.12 0.0 0.0 0.0 0.0 0.12
fake_clip_group_list:0.1 0.1 0.0 0.0 0.1 0.0 0.0 0.1 0.0 0.0 0.1 0.1 0.1 0.1 0.0 0.0 0.0 0.0 0.0 0.2
real_video_group_list:0.0 0.12 0.0 0.0 0.12 0.0 0.0 0.0 0.12 0.12 0.0 0.25 0.0 0.0 0.12 0.0 0.0 0.0 0.0 0.12
fake_video_group_list:0.1 0.1 0.0 0.0 0.1 0.0 0.0 0.1 0.0 0.0 0.1 0.1 0.1 0.1 0.0 0.0 0.0 0.0 0.0 0.2
sample_clip_thresholds_list:0.025 0.075 0.125 0.175 0.225 0.275 0.325 0.375 0.425 0.475 0.525 0.575 0.625 0.675 0.725 0.775 0.825 0.875 0.925 0.975
sample_clip_far_list :0.9 0.8 0.8 0.8 0.8 0.7 0.6 0.6 0.6 0.6 0.5 0.4 0.3 0.2 0.2 0.2 0.2 0.1 0.1 0.0
sample_video_thresholds_list :0.025 0.075 0.125 0.175 0.225 0.275 0.325 0.375 0.425 0.475 0.525 0.575 0.625 0.675 0.725 0.775 0.825 0.875 0.925 0.975
sample_video_far_list :0.9 0.8 0.8 0.8 0.8 0.7 0.6 0.6 0.6 0.6 0.5 0.4 0.3 0.2 0.2 0.2 0.2 0.1 0.1 0.0

train:2020-08-11 09:19:36 model_2
clip_auc: 0.27999999999999997
clip_eer: 0.6  clip_thresholds:0.662923056106894  clip_frr_10:0.9
video_auc: 0.27999999999999997
video_eer: 0.6  video_thresholds:0.662923056106894  video_frr_10:0.9
real_clip_group_list:0.1 0.0 0.0 0.0 0.0 0.1 0.0 0.1 0.0 0.0 0.0 0.1 0.1 0.2 0.0 0.2 0.0 0.0 0.1 0.0
fake_clip_group_list:0.0 0.0 0.0 0.0 0.0 0.0 0.0 0.0 0.0 0.0 0.2 0.0 0.2 0.0 0.0 0.0 0.4 0.0 0.0 0.2
real_video_group_list:0.1 0.0 0.0 0.0 0.0 0.1 0.0 0.1 0.0 0.0 0.0 0.1 0.1 0.2 0.0 0.2 0.0 0.0 0.1 0.0
fake_video_group_list:0.0 0.0 0.0 0.0 0.0 0.0 0.0 0.0 0.0 0.0 0.2 0.0 0.2 0.0 0.0 0.0 0.4 0.0 0.0 0.2
sample_clip_thresholds_list:0.025 0.075 0.125 0.175 0.225 0.275 0.325 0.375 0.425 0.475 0.525 0.575 0.625 0.675 0.725 0.775 0.825 0.875 0.925 0.975
sample_clip_far_list :1.0 1.0 1.0 1.0 1.0 1.0 1.0 1.0 1.0 0.8 0.8 0.8 0.6 0.6 0.6 0.6 0.2 0.2 0.2 0.0
sample_video_thresholds_list :0.025 0.075 0.125 0.175 0.225 0.275 0.325 0.375 0.425 0.475 0.525 0.575 0.625 0.675 0.725 0.775 0.825 0.875 0.925 0.975
sample_video_far_list :1.0 1.0 1.0 1.0 1.0 1.0 1.0 1.0 1.0 0.8 0.8 0.8 0.6 0.6 0.6 0.6 0.2 0.2 0.2 0.0

test:2020-08-11 09:19:42 model_2
clip_auc: 0.4461538461538462
clip_eer: 0.39230769230769236  clip_thresholds:0.2741706593094996  clip_frr_10:0.8
video_auc: 0.4666666666666667
video_eer: 0.4083333333333333  video_thresholds:0.269004577457822  video_frr_10:0.8
real_clip_group_list:0.4 0.0 0.0 0.0 0.0 0.0 0.2 0.0 0.2 0.0 0.0 0.0 0.0 0.0 0.0 0.0 0.0 0.0 0.0 0.2
fake_clip_group_list:0.08 0.0 0.23 0.08 0.08 0.15 0.0 0.0 0.0 0.08 0.0 0.0 0.15 0.08 0.0 0.0 0.0 0.0 0.0 0.08
real_video_group_list:0.4 0.0 0.0 0.0 0.0 0.0 0.2 0.0 0.2 0.0 0.0 0.0 0.0 0.0 0.0 0.0 0.0 0.0 0.0 0.2
fake_video_group_list:0.08 0.0 0.25 0.08 0.08 0.17 0.0 0.0 0.0 0.08 0.0 0.0 0.17 0.0 0.0 0.0 0.0 0.0 0.0 0.08
sample_clip_thresholds_list:0.025 0.075 0.125 0.175 0.225 0.275 0.325 0.375 0.425 0.475 0.525 0.575 0.625 0.675 0.725 0.775 0.825 0.875 0.925 0.975
sample_clip_far_list :0.9231 0.9231 0.8462 0.6154 0.5385 0.3846 0.3846 0.3846 0.3846 0.3077 0.3077 0.2308 0.1538 0.0769 0.0769 0.0769 0.0 0.0 0.0 0.0
sample_video_thresholds_list :0.025 0.075 0.125 0.175 0.225 0.275 0.325 0.375 0.425 0.475 0.525 0.575 0.625 0.675 0.725 0.775 0.825 0.875 0.925 0.975
sample_video_far_list :0.9167 0.9167 0.8333 0.5833 0.5 0.3333 0.3333 0.3333 0.3333 0.25 0.25 0.1667 0.0833 0.0833 0.0833 0.0833 0.0 0.0 0.0 0.0

train:2020-08-11 09:20:00 model_3
clip_auc: 0.625
clip_eer: 0.4017857142857143  clip_thresholds:0.4548846380490616  clip_frr_10:0.71
video_auc: 0.625
video_eer: 0.4017857142857143  video_thresholds:0.4548846380490616  video_frr_10:0.71
real_clip_group_list:0.14 0.14 0.0 0.0 0.0 0.0 0.0 0.0 0.0 0.14 0.0 0.0 0.14 0.0 0.0 0.0 0.14 0.14 0.0 0.14
fake_clip_group_list:0.12 0.12 0.0 0.0 0.0 0.0 0.0 0.38 0.0 0.0 0.0 0.0 0.12 0.0 0.0 0.0 0.12 0.12 0.0 0.0
real_video_group_list:0.14 0.14 0.0 0.0 0.0 0.0 0.0 0.0 0.0 0.14 0.0 0.0 0.14 0.0 0.0 0.0 0.14 0.14 0.0 0.14
fake_video_group_list:0.12 0.12 0.0 0.0 0.0 0.0 0.0 0.38 0.0 0.0 0.0 0.0 0.12 0.0 0.0 0.0 0.12 0.12 0.0 0.0
sample_clip_thresholds_list:0.025 0.075 0.125 0.175 0.225 0.275 0.325 0.375 0.425 0.475 0.525 0.575 0.625 0.675 0.725 0.775 0.825 0.875 0.925 0.975
sample_clip_far_list :0.875 0.75 0.75 0.75 0.625 0.625 0.625 0.5 0.375 0.375 0.375 0.25 0.25 0.25 0.25 0.25 0.125 0.0 0.0 0.0
sample_video_thresholds_list :0.025 0.075 0.125 0.175 0.225 0.275 0.325 0.375 0.425 0.475 0.525 0.575 0.625 0.675 0.725 0.775 0.825 0.875 0.925 0.975
sample_video_far_list :0.875 0.75 0.75 0.75 0.625 0.625 0.625 0.5 0.375 0.375 0.375 0.25 0.25 0.25 0.25 0.25 0.125 0.0 0.0 0.0

test:2020-08-11 09:20:08 model_3
clip_auc: 0.5846153846153846
clip_eer: 0.39230769230769236  clip_thresholds:0.7237761760049888  clip_frr_10:0.8
video_auc: 0.6545454545454545
video_eer: 0.23636363636363636  video_thresholds:0.7838537064390807  video_frr_10:0.8
real_clip_group_list:0.0 0.0 0.2 0.0 0.0 0.0 0.0 0.0 0.0 0.0 0.0 0.0 0.0 0.0 0.6 0.0 0.0 0.0 0.2 0.0
fake_clip_group_list:0.15 0.0 0.0 0.0 0.0 0.08 0.0 0.0 0.08 0.0 0.08 0.08 0.0 0.08 0.08 0.15 0.15 0.0 0.0 0.08
real_video_group_list:0.0 0.0 0.2 0.0 0.0 0.0 0.0 0.0 0.0 0.0 0.0 0.0 0.0 0.0 0.0 0.0 0.6 0.0 0.0 0.2
fake_video_group_list:0.09 0.09 0.0 0.0 0.0 0.09 0.0 0.0 0.0 0.09 0.0 0.09 0.09 0.0 0.09 0.09 0.0 0.09 0.09 0.09
sample_clip_thresholds_list:0.025 0.075 0.125 0.175 0.225 0.275 0.325 0.375 0.425 0.475 0.525 0.575 0.625 0.675 0.725 0.775 0.825 0.875 0.925 0.975
sample_clip_far_list :0.8462 0.8462 0.8462 0.8462 0.7692 0.7692 0.7692 0.6923 0.6923 0.6923 0.6154 0.5385 0.4615 0.4615 0.3846 0.3077 0.1538 0.0769 0.0769 0.0
sample_video_thresholds_list :0.025 0.075 0.125 0.175 0.225 0.275 0.325 0.375 0.425 0.475 0.525 0.575 0.625 0.675 0.725 0.775 0.825 0.875 0.925 0.975
sample_video_far_list :0.9091 0.8182 0.8182 0.8182 0.7273 0.7273 0.7273 0.7273 0.6364 0.6364 0.6364 0.5455 0.4545 0.4545 0.3636 0.2727 0.2727 0.1818 0.0909 0.0909

train:2020-08-11 09:20:21 model_4
clip_auc: 0.23214285714285715
clip_eer: 0.7321428571428572  clip_thresholds:0.5187016140443395  clip_frr_10:1.0
video_auc: 0.23214285714285715
video_eer: 0.7321428571428572  video_thresholds:0.5187016140443395  video_frr_10:1.0
real_clip_group_list:0.25 0.0 0.0 0.0 0.12 0.12 0.0 0.0 0.0 0.12 0.12 0.0 0.0 0.0 0.0 0.12 0.12 0.0 0.0 0.0
fake_clip_group_list:0.0 0.0 0.0 0.0 0.0 0.0 0.14 0.0 0.0 0.14 0.14 0.14 0.0 0.0 0.14 0.0 0.0 0.0 0.0 0.29
real_video_group_list:0.25 0.0 0.0 0.0 0.12 0.12 0.0 0.0 0.0 0.12 0.12 0.0 0.0 0.0 0.0 0.12 0.12 0.0 0.0 0.0
fake_video_group_list:0.0 0.0 0.0 0.0 0.0 0.0 0.14 0.0 0.0 0.14 0.14 0.14 0.0 0.0 0.14 0.0 0.0 0.0 0.0 0.29
sample_clip_thresholds_list:0.025 0.075 0.125 0.175 0.225 0.275 0.325 0.375 0.425 0.475 0.525 0.575 0.625 0.675 0.725 0.775 0.825 0.875 0.925 0.975
sample_clip_far_list :1.0 1.0 1.0 1.0 1.0 1.0 0.8571 0.8571 0.8571 0.8571 0.5714 0.4286 0.4286 0.2857 0.2857 0.2857 0.2857 0.2857 0.1429 0.1429
sample_video_thresholds_list :0.025 0.075 0.125 0.175 0.225 0.275 0.325 0.375 0.425 0.475 0.525 0.575 0.625 0.675 0.725 0.775 0.825 0.875 0.925 0.975
sample_video_far_list :1.0 1.0 1.0 1.0 1.0 1.0 0.8571 0.8571 0.8571 0.8571 0.5714 0.4286 0.4286 0.2857 0.2857 0.2857 0.2857 0.2857 0.1429 0.1429

test:2020-08-11 09:20:26 model_4
clip_auc: 0.6753246753246753
clip_eer: 0.39610389610389607  clip_thresholds:0.2898359157737569  clip_frr_10:0.45
video_auc: 0.6753246753246753
video_eer: 0.39610389610389607  video_thresholds:0.2898359157737569  video_frr_10:0.45
real_clip_group_list:0.18 0.09 0.0 0.0 0.0 0.09 0.0 0.09 0.0 0.09 0.0 0.0 0.09 0.09 0.0 0.09 0.0 0.0 0.0 0.18
fake_clip_group_list:0.14 0.0 0.0 0.0 0.14 0.29 0.14 0.0 0.14 0.0 0.14 0.0 0.0 0.0 0.0 0.0 0.0 0.0 0.0 0.0
real_video_group_list:0.18 0.09 0.0 0.0 0.0 0.09 0.0 0.09 0.0 0.09 0.0 0.0 0.09 0.09 0.0 0.09 0.0 0.0 0.0 0.18
fake_video_group_list:0.14 0.0 0.0 0.0 0.14 0.29 0.14 0.0 0.14 0.0 0.14 0.0 0.0 0.0 0.0 0.0 0.0 0.0 0.0 0.0
sample_clip_thresholds_list:0.025 0.075 0.125 0.175 0.225 0.275 0.325 0.375 0.425 0.475 0.525 0.575 0.625 0.675 0.725 0.775 0.825 0.875 0.925 0.975
sample_clip_far_list :0.8571 0.8571 0.8571 0.7143 0.7143 0.5714 0.2857 0.2857 0.1429 0.1429 0.0 0.0 0.0 0.0 0.0 0.0 0.0 0.0 0.0 0.0
sample_video_thresholds_list :0.025 0.075 0.125 0.175 0.225 0.275 0.325 0.375 0.425 0.475 0.525 0.575 0.625 0.675 0.725 0.775 0.825 0.875 0.925 0.975
sample_video_far_list :0.8571 0.8571 0.8571 0.7143 0.7143 0.5714 0.2857 0.2857 0.1429 0.1429 0.0 0.0 0.0 0.0 0.0 0.0 0.0 0.0 0.0 0.0

train:2020-08-11 09:20:38 model_5
clip_auc: 0.2857142857142857
clip_eer: 0.7321428571428572  clip_thresholds:0.5421182631232514  clip_frr_10:1.0
video_auc: 0.2857142857142857
video_eer: 0.7321428571428572  video_thresholds:0.5421182631232514  video_frr_10:1.0
real_clip_group_list:0.0 0.0 0.0 0.14 0.0 0.14 0.14 0.14 0.0 0.0 0.14 0.14 0.0 0.14 0.0 0.0 0.0 0.0 0.0 0.0
fake_clip_group_list:0.12 0.0 0.0 0.0 0.0 0.12 0.0 0.0 0.0 0.0 0.0 0.0 0.25 0.38 0.0 0.0 0.0 0.0 0.0 0.12
real_video_group_list:0.0 0.0 0.0 0.14 0.0 0.14 0.14 0.14 0.0 0.0 0.14 0.14 0.0 0.14 0.0 0.0 0.0 0.0 0.0 0.0
fake_video_group_list:0.12 0.0 0.0 0.0 0.0 0.12 0.0 0.0 0.0 0.0 0.0 0.0 0.25 0.38 0.0 0.0 0.0 0.0 0.0 0.12
sample_clip_thresholds_list:0.025 0.075 0.125 0.175 0.225 0.275 0.325 0.375 0.425 0.475 0.525 0.575 0.625 0.675 0.725 0.775 0.825 0.875 0.925 0.975
sample_clip_far_list :0.875 0.875 0.875 0.875 0.875 0.75 0.75 0.75 0.75 0.75 0.75 0.75 0.5 0.25 0.125 0.125 0.125 0.0 0.0 0.0
sample_video_thresholds_list :0.025 0.075 0.125 0.175 0.225 0.275 0.325 0.375 0.425 0.475 0.525 0.575 0.625 0.675 0.725 0.775 0.825 0.875 0.925 0.975
sample_video_far_list :0.875 0.875 0.875 0.875 0.875 0.75 0.75 0.75 0.75 0.75 0.75 0.75 0.5 0.25 0.125 0.125 0.125 0.0 0.0 0.0

train:2020-08-11 09:40:00 model_5
clip_auc: 1.0
clip_eer: 0.0  clip_thresholds:0.3224800378482279  clip_frr_10:0.0
video_auc: 1.0
video_eer: 0.0  video_thresholds:0.3224800378482279  video_frr_10:0.0
real_clip_group_list:0.0 0.0 0.0 0.0 0.0 0.0 0.0 0.0 0.0 0.0 0.0 0.0 0.0 0.0 0.0 0.0 0.0 0.0 0.0 1.0
fake_clip_group_list:0.86 0.0 0.0 0.0 0.0 0.0 0.14 0.0 0.0 0.0 0.0 0.0 0.0 0.0 0.0 0.0 0.0 0.0 0.0 0.0
real_video_group_list:0.0 0.0 0.0 0.0 0.0 0.0 0.0 0.0 0.0 0.0 0.0 0.0 0.0 0.0 0.0 0.0 0.0 0.0 0.0 1.0
fake_video_group_list:0.86 0.0 0.0 0.0 0.0 0.0 0.14 0.0 0.0 0.0 0.0 0.0 0.0 0.0 0.0 0.0 0.0 0.0 0.0 0.0
sample_clip_thresholds_list:0.025 0.075 0.125 0.175 0.225 0.275 0.325 0.375 0.425 0.475 0.525 0.575 0.625 0.675 0.725 0.775 0.825 0.875 0.925 0.975
sample_clip_far_list :0.1429 0.1429 0.1429 0.0 0.0 0.0 0.0 0.0 0.0 0.0 0.0 0.0 0.0 0.0 0.0 0.0 0.0 0.0 0.0 0.0
sample_video_thresholds_list :0.025 0.075 0.125 0.175 0.225 0.275 0.325 0.375 0.425 0.475 0.525 0.575 0.625 0.675 0.725 0.775 0.825 0.875 0.925 0.975
sample_video_far_list :0.1429 0.1429 0.1429 0.0 0.0 0.0 0.0 0.0 0.0 0.0 0.0 0.0 0.0 0.0 0.0 0.0 0.0 0.0 0.0 0.0

test:2020-08-11 09:40:08 model_5
clip_auc: 0.825
clip_eer: 0.3875  clip_thresholds:0.9918541331559343  clip_frr_10:0.4
video_auc: 0.7999999999999999
video_eer: 0.41428571428571426  video_thresholds:0.9918483661781431  video_frr_10:0.4
real_clip_group_list:0.1 0.0 0.0 0.0 0.0 0.0 0.0 0.0 0.0 0.0 0.0 0.0 0.0 0.0 0.0 0.0 0.0 0.0 0.0 0.9
fake_clip_group_list:0.5 0.0 0.12 0.0 0.0 0.0 0.0 0.0 0.0 0.0 0.0 0.0 0.0 0.0 0.0 0.0 0.0 0.0 0.0 0.38
real_video_group_list:0.1 0.0 0.0 0.0 0.0 0.0 0.0 0.0 0.0 0.0 0.0 0.0 0.0 0.0 0.0 0.0 0.0 0.0 0.0 0.9
fake_video_group_list:0.43 0.0 0.14 0.0 0.0 0.0 0.0 0.0 0.0 0.0 0.0 0.0 0.0 0.0 0.0 0.0 0.0 0.0 0.0 0.43
sample_clip_thresholds_list:0.025 0.075 0.125 0.175 0.225 0.275 0.325 0.375 0.425 0.475 0.525 0.575 0.625 0.675 0.725 0.775 0.825 0.875 0.925 0.975
sample_clip_far_list :0.5 0.375 0.375 0.375 0.375 0.375 0.375 0.375 0.375 0.375 0.375 0.375 0.375 0.375 0.375 0.375 0.375 0.375 0.375 0.375
sample_video_thresholds_list :0.025 0.075 0.125 0.175 0.225 0.275 0.325 0.375 0.425 0.475 0.525 0.575 0.625 0.675 0.725 0.775 0.825 0.875 0.925 0.975
sample_video_far_list :0.5714 0.4286 0.4286 0.4286 0.4286 0.4286 0.4286 0.4286 0.4286 0.4286 0.4286 0.4286 0.4286 0.4286 0.4286 0.4286 0.4286 0.4286 0.4286 0.4286

train:2020-08-11 09:40:23 model_6
clip_auc: 0.8518518518518519
clip_eer: 0.1388888888888889  clip_thresholds:0.944911288293383  clip_frr_10:0.0
video_auc: 0.8518518518518519
video_eer: 0.1388888888888889  video_thresholds:0.944911288293383  video_frr_10:0.0
real_clip_group_list:0.0 0.0 0.0 0.0 0.0 0.0 0.0 0.0 0.0 0.0 0.0 0.0 0.0 0.0 0.0 0.0 0.0 0.0 0.11 0.89
fake_clip_group_list:0.83 0.0 0.0 0.0 0.0 0.0 0.0 0.0 0.0 0.0 0.0 0.0 0.0 0.0 0.0 0.0 0.0 0.0 0.0 0.17
real_video_group_list:0.0 0.0 0.0 0.0 0.0 0.0 0.0 0.0 0.0 0.0 0.0 0.0 0.0 0.0 0.0 0.0 0.0 0.0 0.11 0.89
fake_video_group_list:0.83 0.0 0.0 0.0 0.0 0.0 0.0 0.0 0.0 0.0 0.0 0.0 0.0 0.0 0.0 0.0 0.0 0.0 0.0 0.17
sample_clip_thresholds_list:0.025 0.075 0.125 0.175 0.225 0.275 0.325 0.375 0.425 0.475 0.525 0.575 0.625 0.675 0.725 0.775 0.825 0.875 0.925 0.975
sample_clip_far_list :0.1667 0.1667 0.1667 0.1667 0.1667 0.1667 0.1667 0.1667 0.1667 0.1667 0.1667 0.1667 0.1667 0.1667 0.1667 0.1667 0.1667 0.1667 0.1667 0.1667
sample_video_thresholds_list :0.025 0.075 0.125 0.175 0.225 0.275 0.325 0.375 0.425 0.475 0.525 0.575 0.625 0.675 0.725 0.775 0.825 0.875 0.925 0.975
sample_video_far_list :0.1667 0.1667 0.1667 0.1667 0.1667 0.1667 0.1667 0.1667 0.1667 0.1667 0.1667 0.1667 0.1667 0.1667 0.1667 0.1667 0.1667 0.1667 0.1667 0.1667

test:2020-08-11 09:40:31 model_6
clip_auc: 0.8
clip_eer: 0.275  clip_thresholds:0.003915370671794823  clip_frr_10:0.62
video_auc: 0.75
video_eer: 0.25  video_thresholds:0.004145514896844155  video_frr_10:0.62
real_clip_group_list:0.5 0.0 0.12 0.0 0.0 0.0 0.0 0.0 0.0 0.0 0.0 0.0 0.0 0.0 0.0 0.0 0.0 0.0 0.12 0.25
fake_clip_group_list:0.8 0.0 0.0 0.0 0.0 0.0 0.0 0.0 0.0 0.0 0.0 0.0 0.0 0.0 0.0 0.0 0.0 0.0 0.1 0.1
real_video_group_list:0.5 0.0 0.12 0.0 0.0 0.0 0.0 0.0 0.0 0.0 0.0 0.0 0.0 0.0 0.0 0.0 0.0 0.0 0.12 0.25
fake_video_group_list:0.75 0.0 0.0 0.0 0.0 0.0 0.0 0.0 0.0 0.0 0.0 0.0 0.0 0.0 0.0 0.0 0.0 0.0 0.12 0.12
sample_clip_thresholds_list:0.025 0.075 0.125 0.175 0.225 0.275 0.325 0.375 0.425 0.475 0.525 0.575 0.625 0.675 0.725 0.775 0.825 0.875 0.925 0.975
sample_clip_far_list :0.2 0.2 0.2 0.2 0.2 0.2 0.2 0.2 0.2 0.2 0.2 0.1 0.1 0.1 0.1 0.1 0.1 0.1 0.1 0.1
sample_video_thresholds_list :0.025 0.075 0.125 0.175 0.225 0.275 0.325 0.375 0.425 0.475 0.525 0.575 0.625 0.675 0.725 0.775 0.825 0.875 0.925 0.975
sample_video_far_list :0.25 0.25 0.25 0.25 0.25 0.25 0.25 0.25 0.25 0.25 0.25 0.125 0.125 0.125 0.125 0.125 0.125 0.125 0.125 0.125

train:2020-08-11 09:40:45 model_7
clip_auc: 0.9800000000000001
clip_eer: 0.15000000000000002  clip_thresholds:0.0845724722169621  clip_frr_10:0.0
video_auc: 0.9800000000000001
video_eer: 0.15000000000000002  video_thresholds:0.0845724722169621  video_frr_10:0.0
real_clip_group_list:0.0 0.1 0.0 0.0 0.0 0.1 0.0 0.0 0.0 0.0 0.0 0.1 0.0 0.0 0.0 0.0 0.0 0.1 0.3 0.3
fake_clip_group_list:0.8 0.2 0.0 0.0 0.0 0.0 0.0 0.0 0.0 0.0 0.0 0.0 0.0 0.0 0.0 0.0 0.0 0.0 0.0 0.0
real_video_group_list:0.0 0.1 0.0 0.0 0.0 0.1 0.0 0.0 0.0 0.0 0.0 0.1 0.0 0.0 0.0 0.0 0.0 0.1 0.3 0.3
fake_video_group_list:0.8 0.2 0.0 0.0 0.0 0.0 0.0 0.0 0.0 0.0 0.0 0.0 0.0 0.0 0.0 0.0 0.0 0.0 0.0 0.0
sample_clip_thresholds_list:0.025 0.075 0.125 0.175 0.225 0.275 0.325 0.375 0.425 0.475 0.525 0.575 0.625 0.675 0.725 0.775 0.825 0.875 0.925 0.975
sample_clip_far_list :0.2 0.2 0.0 0.0 0.0 0.0 0.0 0.0 0.0 0.0 0.0 0.0 0.0 0.0 0.0 0.0 0.0 0.0 0.0 0.0
sample_video_thresholds_list :0.025 0.075 0.125 0.175 0.225 0.275 0.325 0.375 0.425 0.475 0.525 0.575 0.625 0.675 0.725 0.775 0.825 0.875 0.925 0.975
sample_video_far_list :0.2 0.2 0.0 0.0 0.0 0.0 0.0 0.0 0.0 0.0 0.0 0.0 0.0 0.0 0.0 0.0 0.0 0.0 0.0 0.0

test:2020-08-11 09:40:52 model_7
clip_auc: 0.9777777777777777
clip_eer: 0.03333333333333333  clip_thresholds:0.9345490295106571  clip_frr_10:0.0
video_auc: 1.0
video_eer: 0.0  video_thresholds:0.934511982488097  video_frr_10:0.0
real_clip_group_list:0.0 0.0 0.0 0.0 0.0 0.0 0.0 0.0 0.0 0.0 0.0 0.0 0.0 0.0 0.0 0.0 0.0 0.0 0.0 1.0
fake_clip_group_list:0.67 0.07 0.07 0.07 0.0 0.0 0.0 0.0 0.0 0.0 0.0 0.0 0.0 0.0 0.0 0.0 0.0 0.0 0.07 0.07
real_video_group_list:0.0 0.0 0.0 0.0 0.0 0.0 0.0 0.0 0.0 0.0 0.0 0.0 0.0 0.0 0.0 0.0 0.0 0.0 0.0 1.0
fake_video_group_list:0.62 0.15 0.0 0.08 0.0 0.0 0.0 0.0 0.0 0.0 0.0 0.0 0.0 0.0 0.0 0.0 0.0 0.0 0.15 0.0
sample_clip_thresholds_list:0.025 0.075 0.125 0.175 0.225 0.275 0.325 0.375 0.425 0.475 0.525 0.575 0.625 0.675 0.725 0.775 0.825 0.875 0.925 0.975
sample_clip_far_list :0.4 0.2667 0.2 0.1333 0.1333 0.1333 0.1333 0.1333 0.1333 0.1333 0.1333 0.0667 0.0667 0.0667 0.0667 0.0667 0.0667 0.0667 0.0667 0.0
sample_video_thresholds_list :0.025 0.075 0.125 0.175 0.225 0.275 0.325 0.375 0.425 0.475 0.525 0.575 0.625 0.675 0.725 0.775 0.825 0.875 0.925 0.975
sample_video_far_list :0.3846 0.2308 0.2308 0.1538 0.1538 0.1538 0.1538 0.1538 0.1538 0.1538 0.1538 0.0769 0.0769 0.0769 0.0769 0.0769 0.0769 0.0769 0.0769 0.0

train:2020-08-11 09:41:09 model_8
clip_auc: 0.7777777777777778
clip_eer: 0.3333333333333333  clip_thresholds:0.855778986678129  clip_frr_10:0.5
video_auc: 0.75
video_eer: 0.35416666666666663  video_thresholds:0.8555093639676333  video_frr_10:0.5
real_clip_group_list:0.17 0.0 0.0 0.0 0.0 0.0 0.0 0.0 0.0 0.0 0.0 0.0 0.0 0.0 0.0 0.0 0.0 0.17 0.17 0.5
fake_clip_group_list:0.67 0.0 0.0 0.0 0.0 0.0 0.0 0.0 0.0 0.0 0.0 0.0 0.0 0.0 0.0 0.0 0.0 0.0 0.33 0.0
real_video_group_list:0.17 0.0 0.0 0.0 0.0 0.0 0.0 0.0 0.0 0.0 0.0 0.0 0.0 0.0 0.0 0.0 0.0 0.17 0.17 0.5
fake_video_group_list:0.62 0.0 0.0 0.0 0.0 0.0 0.0 0.0 0.0 0.0 0.0 0.0 0.0 0.0 0.0 0.0 0.0 0.0 0.38 0.0
sample_clip_thresholds_list:0.025 0.075 0.125 0.175 0.225 0.275 0.325 0.375 0.425 0.475 0.525 0.575 0.625 0.675 0.725 0.775 0.825 0.875 0.925 0.975
sample_clip_far_list :0.3333 0.3333 0.3333 0.3333 0.3333 0.3333 0.3333 0.3333 0.3333 0.3333 0.3333 0.3333 0.3333 0.3333 0.3333 0.3333 0.3333 0.3333 0.1111 0.0
sample_video_thresholds_list :0.025 0.075 0.125 0.175 0.225 0.275 0.325 0.375 0.425 0.475 0.525 0.575 0.625 0.675 0.725 0.775 0.825 0.875 0.925 0.975
sample_video_far_list :0.375 0.375 0.375 0.375 0.375 0.375 0.375 0.375 0.375 0.375 0.375 0.375 0.375 0.375 0.375 0.375 0.375 0.375 0.125 0.0

test:2020-08-11 09:41:14 model_8
clip_auc: 0.33766233766233766
clip_eer: 0.7207792207792207  clip_thresholds:0.8734707613642915  clip_frr_10:1.0
video_auc: 0.33766233766233766
video_eer: 0.7207792207792207  video_thresholds:0.8734707613642915  video_frr_10:1.0
real_clip_group_list:0.0 0.0 0.0 0.0 0.0 0.0 0.0 0.0 0.0 0.0 0.0 0.0 0.0 0.0 0.0 0.0 0.29 0.43 0.14 0.14
fake_clip_group_list:0.09 0.0 0.0 0.0 0.0 0.0 0.0 0.0 0.0 0.0 0.0 0.0 0.0 0.0 0.0 0.0 0.09 0.27 0.36 0.18
real_video_group_list:0.0 0.0 0.0 0.0 0.0 0.0 0.0 0.0 0.0 0.0 0.0 0.0 0.0 0.0 0.0 0.0 0.29 0.43 0.14 0.14
fake_video_group_list:0.09 0.0 0.0 0.0 0.0 0.0 0.0 0.0 0.0 0.0 0.0 0.0 0.0 0.0 0.0 0.0 0.09 0.27 0.36 0.18
sample_clip_thresholds_list:0.025 0.075 0.125 0.175 0.225 0.275 0.325 0.375 0.425 0.475 0.525 0.575 0.625 0.675 0.725 0.775 0.825 0.875 0.925 0.975
sample_clip_far_list :0.9091 0.9091 0.9091 0.9091 0.9091 0.9091 0.9091 0.9091 0.9091 0.9091 0.9091 0.9091 0.9091 0.9091 0.9091 0.9091 0.9091 0.7273 0.1818 0.0909
sample_video_thresholds_list :0.025 0.075 0.125 0.175 0.225 0.275 0.325 0.375 0.425 0.475 0.525 0.575 0.625 0.675 0.725 0.775 0.825 0.875 0.925 0.975
sample_video_far_list :0.9091 0.9091 0.9091 0.9091 0.9091 0.9091 0.9091 0.9091 0.9091 0.9091 0.9091 0.9091 0.9091 0.9091 0.9091 0.9091 0.9091 0.7273 0.1818 0.0909

train:2020-08-11 09:41:30 model_9
clip_auc: 0.38888888888888884
clip_eer: 0.5277777777777778  clip_thresholds:0.8675905988094649  clip_frr_10:0.89
video_auc: 0.38888888888888884
video_eer: 0.5277777777777778  video_thresholds:0.8675905988094649  video_frr_10:0.89
real_clip_group_list:0.0 0.0 0.0 0.0 0.0 0.0 0.0 0.0 0.0 0.0 0.0 0.0 0.0 0.0 0.0 0.33 0.11 0.22 0.11 0.22
fake_clip_group_list:0.17 0.0 0.0 0.0 0.0 0.0 0.0 0.0 0.0 0.0 0.0 0.0 0.0 0.0 0.0 0.0 0.0 0.33 0.17 0.33
real_video_group_list:0.0 0.0 0.0 0.0 0.0 0.0 0.0 0.0 0.0 0.0 0.0 0.0 0.0 0.0 0.0 0.33 0.11 0.22 0.11 0.22
fake_video_group_list:0.17 0.0 0.0 0.0 0.0 0.0 0.0 0.0 0.0 0.0 0.0 0.0 0.0 0.0 0.0 0.0 0.0 0.33 0.17 0.33
sample_clip_thresholds_list:0.025 0.075 0.125 0.175 0.225 0.275 0.325 0.375 0.425 0.475 0.525 0.575 0.625 0.675 0.725 0.775 0.825 0.875 0.925 0.975
sample_clip_far_list :0.8333 0.8333 0.8333 0.8333 0.8333 0.8333 0.8333 0.8333 0.8333 0.8333 0.8333 0.8333 0.8333 0.8333 0.8333 0.8333 0.8333 0.5 0.3333 0.1667
sample_video_thresholds_list :0.025 0.075 0.125 0.175 0.225 0.275 0.325 0.375 0.425 0.475 0.525 0.575 0.625 0.675 0.725 0.775 0.825 0.875 0.925 0.975
sample_video_far_list :0.8333 0.8333 0.8333 0.8333 0.8333 0.8333 0.8333 0.8333 0.8333 0.8333 0.8333 0.8333 0.8333 0.8333 0.8333 0.8333 0.8333 0.5 0.3333 0.1667

test:2020-08-11 09:41:36 model_9
clip_auc: 0.48750000000000004
clip_eer: 0.5  clip_thresholds:0.27923507797579483  clip_frr_10:1.0
video_auc: 0.48750000000000004
video_eer: 0.5  video_thresholds:0.27923507797579483  video_frr_10:1.0
real_clip_group_list:0.0 0.0 0.0 0.0 0.25 0.25 0.38 0.0 0.12 0.0 0.0 0.0 0.0 0.0 0.0 0.0 0.0 0.0 0.0 0.0
fake_clip_group_list:0.1 0.1 0.1 0.1 0.0 0.1 0.0 0.1 0.1 0.0 0.0 0.1 0.0 0.0 0.0 0.0 0.0 0.0 0.0 0.2
real_video_group_list:0.0 0.0 0.0 0.0 0.25 0.25 0.38 0.0 0.12 0.0 0.0 0.0 0.0 0.0 0.0 0.0 0.0 0.0 0.0 0.0
fake_video_group_list:0.1 0.1 0.1 0.1 0.0 0.1 0.0 0.1 0.1 0.0 0.0 0.1 0.0 0.0 0.0 0.0 0.0 0.0 0.0 0.2
sample_clip_thresholds_list:0.025 0.075 0.125 0.175 0.225 0.275 0.325 0.375 0.425 0.475 0.525 0.575 0.625 0.675 0.725 0.775 0.825 0.875 0.925 0.975
sample_clip_far_list :0.9 0.8 0.7 0.6 0.6 0.5 0.5 0.4 0.3 0.3 0.2 0.2 0.2 0.2 0.2 0.2 0.1 0.1 0.1 0.1
sample_video_thresholds_list :0.025 0.075 0.125 0.175 0.225 0.275 0.325 0.375 0.425 0.475 0.525 0.575 0.625 0.675 0.725 0.775 0.825 0.875 0.925 0.975
sample_video_far_list :0.9 0.8 0.7 0.6 0.6 0.5 0.5 0.4 0.3 0.3 0.2 0.2 0.2 0.2 0.2 0.2 0.1 0.1 0.1 0.1

train:2020-08-11 09:42:04 model_10
clip_auc: 0.45454545454545453
clip_eer: 0.7386363636363636  clip_thresholds:0.9130872600913383  clip_frr_10:0.73
video_auc: 0.45454545454545453
video_eer: 0.7386363636363636  video_thresholds:0.9130872600913383  video_frr_10:0.73
real_clip_group_list:0.0 0.0 0.0 0.0 0.0 0.0 0.0 0.0 0.0 0.0 0.0 0.0 0.0 0.0 0.0 0.0 0.0 0.36 0.55 0.09
fake_clip_group_list:0.25 0.0 0.0 0.0 0.0 0.0 0.0 0.0 0.0 0.0 0.0 0.0 0.0 0.0 0.0 0.0 0.0 0.0 0.75 0.0
real_video_group_list:0.0 0.0 0.0 0.0 0.0 0.0 0.0 0.0 0.0 0.0 0.0 0.0 0.0 0.0 0.0 0.0 0.0 0.36 0.55 0.09
fake_video_group_list:0.25 0.0 0.0 0.0 0.0 0.0 0.0 0.0 0.0 0.0 0.0 0.0 0.0 0.0 0.0 0.0 0.0 0.0 0.75 0.0
sample_clip_thresholds_list:0.025 0.075 0.125 0.175 0.225 0.275 0.325 0.375 0.425 0.475 0.525 0.575 0.625 0.675 0.725 0.775 0.825 0.875 0.925 0.975
sample_clip_far_list :0.75 0.75 0.75 0.75 0.75 0.75 0.75 0.75 0.75 0.75 0.75 0.75 0.75 0.75 0.75 0.75 0.75 0.75 0.0 0.0
sample_video_thresholds_list :0.025 0.075 0.125 0.175 0.225 0.275 0.325 0.375 0.425 0.475 0.525 0.575 0.625 0.675 0.725 0.775 0.825 0.875 0.925 0.975
sample_video_far_list :0.75 0.75 0.75 0.75 0.75 0.75 0.75 0.75 0.75 0.75 0.75 0.75 0.75 0.75 0.75 0.75 0.75 0.75 0.0 0.0

test:2020-08-11 09:42:12 model_10
clip_auc: 0.6375
clip_eer: 0.3875  clip_thresholds:0.9058253531695688  clip_frr_10:0.62
video_auc: 0.6375
video_eer: 0.3875  video_thresholds:0.9058253531695688  video_frr_10:0.62
real_clip_group_list:0.0 0.0 0.0 0.0 0.0 0.0 0.0 0.0 0.0 0.0 0.0 0.0 0.0 0.0 0.0 0.0 0.0 0.38 0.62 0.0
fake_clip_group_list:0.1 0.0 0.0 0.0 0.0 0.0 0.0 0.0 0.0 0.0 0.0 0.0 0.0 0.0 0.0 0.0 0.0 0.3 0.5 0.1
real_video_group_list:0.0 0.0 0.0 0.0 0.0 0.0 0.0 0.0 0.0 0.0 0.0 0.0 0.0 0.0 0.0 0.0 0.0 0.38 0.62 0.0
fake_video_group_list:0.1 0.0 0.0 0.0 0.0 0.0 0.0 0.0 0.0 0.0 0.0 0.0 0.0 0.0 0.0 0.0 0.0 0.3 0.5 0.1
sample_clip_thresholds_list:0.025 0.075 0.125 0.175 0.225 0.275 0.325 0.375 0.425 0.475 0.525 0.575 0.625 0.675 0.725 0.775 0.825 0.875 0.925 0.975
sample_clip_far_list :0.9 0.9 0.9 0.9 0.9 0.9 0.9 0.9 0.9 0.8 0.8 0.8 0.8 0.8 0.8 0.8 0.8 0.7 0.1 0.0
sample_video_thresholds_list :0.025 0.075 0.125 0.175 0.225 0.275 0.325 0.375 0.425 0.475 0.525 0.575 0.625 0.675 0.725 0.775 0.825 0.875 0.925 0.975
sample_video_far_list :0.9 0.9 0.9 0.9 0.9 0.9 0.9 0.9 0.9 0.8 0.8 0.8 0.8 0.8 0.8 0.8 0.8 0.7 0.1 0.0

train:2020-08-11 09:42:33 model_11
clip_auc: 0.72
clip_eer: 0.4  clip_thresholds:0.9367485251858135  clip_frr_10:0.5
video_auc: 0.72
video_eer: 0.4  video_thresholds:0.9367485251858135  video_frr_10:0.5
real_clip_group_list:0.0 0.0 0.0 0.0 0.0 0.0 0.0 0.0 0.0 0.0 0.0 0.0 0.0 0.0 0.0 0.0 0.0 0.0 0.8 0.2
fake_clip_group_list:0.2 0.0 0.0 0.0 0.2 0.0 0.0 0.0 0.0 0.0 0.0 0.0 0.0 0.0 0.0 0.0 0.0 0.0 0.4 0.2
real_video_group_list:0.0 0.0 0.0 0.0 0.0 0.0 0.0 0.0 0.0 0.0 0.0 0.0 0.0 0.0 0.0 0.0 0.0 0.0 0.8 0.2
fake_video_group_list:0.2 0.0 0.0 0.0 0.2 0.0 0.0 0.0 0.0 0.0 0.0 0.0 0.0 0.0 0.0 0.0 0.0 0.0 0.4 0.2
sample_clip_thresholds_list:0.025 0.075 0.125 0.175 0.225 0.275 0.325 0.375 0.425 0.475 0.525 0.575 0.625 0.675 0.725 0.775 0.825 0.875 0.925 0.975
sample_clip_far_list :0.8 0.8 0.6 0.6 0.6 0.6 0.6 0.6 0.6 0.6 0.6 0.6 0.6 0.6 0.6 0.6 0.6 0.6 0.4 0.0
sample_video_thresholds_list :0.025 0.075 0.125 0.175 0.225 0.275 0.325 0.375 0.425 0.475 0.525 0.575 0.625 0.675 0.725 0.775 0.825 0.875 0.925 0.975
sample_video_far_list :0.8 0.8 0.6 0.6 0.6 0.6 0.6 0.6 0.6 0.6 0.6 0.6 0.6 0.6 0.6 0.6 0.6 0.6 0.4 0.0
